2
3
4
6
7
8
10
11
12
13
14
17
18
20
21
22
23
24
25
26
29
30
31
32
33
35
36
37
38
39
40
41
43
48
50
51
52
53
54
57
59
60
62
63
64
65
66
67
69
73
74
75
78
79
81
82
83
84
87
88
89
90
91
92
93
94
95
96
98
99
102
104
105
107
109
110
111
113
114
116
117
118
119
120
121
122
123
127
129
130
133
134
136
138
139
140
141
142
143
146
147
148
149
150
153
156
158
159
160
161
162
165
167
168
170
171
172
173
174
175
176
177
180
181
182
183
185
186
187
188
190
191
192
193
194
195
196
197
198
199
200
201
204
206
207
208
209
211
213
214
215
216
217
218
219
220
221
222
223
225
226
228
229
230
231
233
234
235
236
237
238
239
240
241
242
243
244
247
248
249
250
251
252
253
256
257
258
259
260
261
262
263
264
265
266
267
268
269
270
272
274
275
276
277
278
279
280
281
282
283
285
288
291
292
293
294
295
296
297
298
299
300
301
302
303
304
305
307
308
309
310
311
314
315
316
318
319
320
321
322
323
324
325
328
330
331
332
333
334
335
336
337
339
342
343
344
345
346
347
348
349
350
354
355
356
357
358
359
360
361
362
363
365
366
367
368
369
370
371
372
373
374
375
376
377
378
379
380
382
383
384
385
386
389
390
391
392
396
397
398
399
400
401
402
403
404
406
407
409
410
411
412
413
414
415
417
418
419
420
422
426
427
428
430
431
434
435
436
437
438
439
440
441
442
443
444
445
446
447
448
449
450
451
453
454
455
457
459
460
461
463
464
465
467
468
469
471
472
473
474
475
480
482
484
485
486
488
489
490
491
492
493
494
495
496
497
499
500
501
504
505
507
509
510
511
512
514
515
516
517
518
519
520
521
522
523
524
525
526
527
528
534
536
537
538
539
541
545
546
548
549
550
551
552
554
556
557
558
559
560
561
562
563
564
565
566
567
569
570
571
572
573
574
575
576
577
578
579
580
581
582
588
589
590
592
593
594
595
596
597
598
599
600
601
602
603
604
605
606
607
608
610
611
616
617
618
619
620
623
626
628
629
630
631
632
633
634
635
638
639
642
643
644
645
646
647
648
649
650
651
652
653
654
655
656
657
658
659
660
661
662
663
665
669
670
671
672
673
674
676
677
679
680
681
682
683
684
685
686
687
688
689
690
692
693
694
696
697
698
699
700
701
703
706
707
708
709
710
711
712
713
714
716
717
718
719
721
722
723
724
725
726
727
728
729
733
734
735
736
737
738
739
740
741
742
743
746
749
750
752
753
754
756
758
759
760
761
762
763
764
765
766
767
768
769
770
771
772
773
774
776
777
778
779
780
781
785
787
788
791
793
794
795
796
797
798
799
802
803
804
805
806
807
812
814
815
816
817
818
819
820
821
822
823
824
825
826
828
829
830
831
832
833
835
837
838
839
840
841
842
843
844
845
846
847
848
849
850
851
853
854
855
856
857
858
859
