2
3
6
7
8
10
11
12
13
14
17
18
19
24
25
29
30
31
33
35
36
37
38
40
43
47
48
50
51
53
54
55
58
59
60
61
62
64
65
66
68
69
72
73
74
75
76
78
79
81
82
83
84
87
88
92
93
94
95
96
97
98
100
102
103
104
105
106
113
114
116
117
118
119
120
121
122
126
128
129
133
136
138
140
141
142
143
146
147
148
149
156
158
160
161
162
165
167
168
170
171
172
174
175
176
177
179
181
183
187
188
192
194
195
196
197
198
200
201
204
206
207
208
210
214
216
218
219
220
221
222
223
224
227
229
230
231
233
234
235
237
239
240
241
242
244
248
249
250
251
252
253
257
258
261
264
265
267
269
274
275
276
277
278
280
282
283
284
285
288
291
292
294
295
296
297
298
300
301
302
303
304
305
307
308
309
310
311
315
316
317
319
321
324
328
330
331
333
334
335
336
342
343
344
345
348
349
353
355
356
357
358
360
361
362
363
366
367
368
374
376
377
379
380
383
384
385
386
389
390
391
392
396
398
400
401
403
404
406
407
410
411
412
413
414
415
417
418
420
423
427
428
430
431
433
434
436
437
438
440
441
442
443
444
445
448
449
450
451
454
455
458
459
460
463
464
465
466
467
471
472
473
474
475
477
479
480
486
488
490
491
494
495
496
499
501
504
505
507
508
509
510
512
514
515
517
518
519
520
521
522
523
524
525
526
527
533
534
536
537
538
539
541
545
546
549
550
551
552
553
561
563
565
566
567
570
571
572
573
574
575
576
577
579
580
582
587
589
590
592
594
596
597
598
599
600
602
603
604
605
607
608
610
611
616
617
618
623
626
627
628
629
630
631
632
633
634
635
638
639
641
642
643
644
647
649
651
652
653
654
655
656
657
658
659
660
661
662
663
665
669
670
671
673
676
679
680
682
683
684
685
686
687
688
690
691
694
695
696
697
698
699
700
703
706
709
710
712
714
716
717
718
719
721
722
724
725
726
727
729
732
733
734
735
737
739
740
741
742
743
746
753
754
756
759
761
762
763
764
765
766
767
768
769
770
771
773
774
775
776
777
778
779
781
785
787
791
793
794
795
796
797
799
803
805
806
808
812
814
815
816
817
818
819
821
822
823
824
825
826
828
829
830
832
833
835
837
842
843
844
845
846
847
848
849
851
853
857
858
